BEGIN 2014

BEGIN CIRC
120.000.000 80.000.000 50.000.000 40.000.000 35.800.000 25.700.000 30.400.000 20.200.000
          0          0          0          0          0          0          0          0
          0          0          0          0          0          0 10.000.000          0
          0          0          0          0          0          0          0          0
          0          0          0          0          0          0          0          0
          0          0 15.000.000          0          0          0          0          0
          0          0          0          0          0          0          0          0
          0          0          0          0          0          0          0          0
          0          0          0          0          0          0          0          0
