BEGIN 2001

BEGIN CIRC
327.200 373.400 300.000 300.000 366.400 300.000   971.100   899.800
      0       0       0 367.200 336.000 324.000   472.500   456.000
      0       0       0 100.800 100.000 100.000   135.000   228.000
      0       0       0       0       0       0         0         0
      0       0       0       0       0       0         0         0
      0       0       0       0       0       0         0         0
      0       0       0       0       0       0   100.000         0
      0       0       0       0       0       0         0         0
      0       0       0       0       0       0         0   250.000
      0       0       0       0       0       0         0         0
      0       0       0       0       0       0         0 1.032.052
      0       0       0       0       0       0         0 1.082.373
      0       0       0       0       0       0         0         0
      0       0       0       0       0       0 1.000.272   772.000
      0       0       0       0       0       0         0 1.306.782
      0       0       0       0       0       0 1.000.000   864.645
      0       0       0       0       0       0         0 1.383.528
      0       0       0       0       0       0 1.000.000   934.771
      0       0       0       0       0       0   550.000 1.195.119
      0       0       0       0       0       0 1.087.017 1.000.000
      0       0       0       0       0       0 1.167.728 1.035.000
      0       0       0       0       0       0 1.180.912 1.050.000
      0       0       0       0       0       0 1.256.833 1.000.000
      0       0       0       0       0       0 1.531.092 1.000.000
