BEGIN 1999

BEGIN CIRC
 47.800.000 109.000.000 213.000.000 149.700.000 86.500.000 99.600.000 63.500.000   9.900.000
276.800.000 122.000.000 184.200.000 156.700.000 67.500.000 87.000.000 62.800.000  24.400.000
179.300.000 145.800.000 205.900.000 193.500.000 97.600.000 94.500.000 67.900.000 140.500.000
    800.000  53.100.000     900.000     800.000 51.200.000 80.900.000 20.100.000  37.200.000
 58.100.000 151.200.000   1.400.000   1.200.000 58.200.000  1.200.000  1.400.000   1.200.000
113.900.000 115.700.000           0           0 20.500.000          0          0           0
          0           0  80.400.000           0          0          0          0           0
          0           0  60.100.000           0          0          0          0           0
          0           0  78.600.000           0          0          0          0           0
          0           0  74.700.000           0          0          0          0           0
          0           0  40.200.000           0          0          0          0           0
          0           0  40.100.000           0          0          0          0           0
          0           0  20.300.000           0          0          0          0           0
          0           0  10.500.000           0          0          0          0           0
 35.200.000           0  26.200.000           0          0          0          0           0
          0           0  30.000.000   5.000.000  5.000.000  5.000.000  5.000.000   9.000.000
          0           0  55.000.000           0          0          0          0           0
          0           0  70.000.000           0 30.000.000          0          0           0
          0           0  63.000.000  20.200.000          0          0          0           0
          0           0  60.000.000  12.500.000 20.000.000          0          0           0
          0           0  30.000.000  15.000.000          0          0          0           0
          0           0  10.000.000           0          0          0          0           0
          0           0           0           0          0          0          0           0
          0           0   3.000.000   2.000.000  1.000.000          0          0           0
          0           0  25.000.000  12.000.000 16.000.000  5.000.000          0           0

BEGIN BU
 65.000  65.000  65.000  65.000  65.000  65.000  65.000  65.000
 68.000  68.000  68.000  68.000  68.000  68.000  68.000  68.000
 80.000  80.000  80.000  80.000  80.000  80.000  80.000  80.000
489.502 489.502 489.502 441.702 441.702 441.702 370.002 370.002
427.003 427.003 427.003 377.003 377.003 377.003 302.003 302.003
350.004 350.004 350.004 300.004 300.004 300.004 225.004 225.004
473.505 473.505 473.505 403.505 403.505 403.505 298.505 298.505

BEGIN PROOF
16.500 16.500 16.500 16.500 16.500 16.500 16.500 16.500
16.500 16.500 16.500 16.500 16.500 16.500 16.500 16.500
16.500 16.500 16.500 16.500 16.500 16.500 16.500 16.500
16.500 16.500 16.500 16.500 16.500 16.500 16.500 16.500
13.000 13.000 13.000 13.000 13.000 13.000 13.000 13.000
 5.000  5.000  5.000  5.000  5.000  5.000  5.000  5.000
 5.000  5.000  5.000  5.000  5.000  5.000  5.000  5.000
 3.500  3.500  3.500  3.500  3.500  3.500  3.500  3.500
10.000 10.000 10.000 10.000 10.000 10.000 10.000 10.000
10.000 10.000 10.000 10.000 10.000 10.000 10.000 10.000
 7.500  7.500  7.500  7.500  7.500  7.500  7.500  7.500
 5.000  5.000  5.000  5.000  5.000  5.000  5.000  5.000
 5.000  5.000  5.000  5.000  5.000  5.000  5.000  5.000
 5.000  5.000  5.000  5.000  5.000  5.000  5.000  5.000
 5.000  5.000  5.000  5.000  5.000  5.000  5.000  5.000
 5.000  5.000  5.000  5.000  5.000  5.000  5.000  5.000
 5.000  5.000  5.000  5.000  5.000  5.000  5.000  5.000
 4.000  4.000  4.000  4.000  4.000  4.000  4.000  4.000
 4.000  4.000  4.000  4.000  4.000  4.000  4.000  4.000
 3.500  3.500  3.500  3.500  3.500  3.500  3.500  3.500
 3.000  3.000  3.000  3.000  3.000  3.000  3.000  3.000
 3.000  3.000  3.000  3.000  3.000  3.000  3.000  3.000
 3.000  3.000  3.000  3.000  3.000  3.000  3.000  3.000
 3.000  3.000  3.000  3.000  3.000  3.000  3.000  3.000
 3.000  3.000  3.000  3.000  3.000  3.000  3.000  3.000
