BEGIN 2007

BEGIN CIRC
44.600.000 44.150.000 43.700.000 42.700.000 37.150.000 32.300.000 29.650.000 21.250.000
         0          0          0          0          0          0          0          0
17.900.000 12.300.000          0          0          0          0          0          0
         0          0          0          0          0          0          0          0
         0          0          0          0          0          0          0          0
         0          0          0          0          0          0          0          0
         0          0          0          0          0          0          0          0
         0          0          0          0          0          0          0          0
10.000.000          0          0          0          0          0          0          0
25.000.000          0          0          0          0          0          0          0
         0          0          0          0          0          0          0          0
16.000.000  6.000.000          0  3.000.000          0          0          0          0
38.000.000 22.000.000 17.000.000 22.000.000  8.000.000          0          0          0
14.000.000 11.000.000          0          0          0          0          0  4.000.000
13.000.000  7.000.000  7.000.000          0          0  4.000.000          0          0
 9.000.000  5.000.000  4.000.000 13.000.000  5.000.000          0          0  3.000.000
 4.000.000  6.000.000 12.000.000  5.000.000 17.000.000          0          0  3.000.000
