BEGIN 2002

BEGIN CIRC
        0         0         0      0   147.400    75.400   205.800 100.760
        0         0         0      0   220.000   205.800         0       0
1.360.000 1.395.000 1.000.000 40.000         0         0    40.000       0
        0         0         0      0   160.000   179.712         0       0
        0         0         0      0         0   198.880         0       0
        0         0         0      0         0   315.000         0       0
        0         0         0      0 1.155.360 1.337.000         0       0
        0         0         0      0         0         0 1.083.672       0
        0         0         0      0         0         0   987.534       0
        0         0         0      0         0         0         0 624.431
        0         0         0      0         0         0         0 616.249
        0         0         0      0    95.000    95.000   419.205 567.624
        0         0         0      0         0   719.275 1.513.500       0
        0         0         0      0    47.600   747.601 1.673.200       0
        0         0         0      0   197.600         0         0 871.667
        0         0         0      0 1.661.415         0   497.400 597.400
        0         0         0      0   597.400 1.097.400 1.097.400       0
        0         0         0      0         0   796.500   496.500 356.500
        0         0         0      0         0   600.000   500.000 621.257
        0         0         0      0   200.000   200.000   400.000 785.355
        0         0         0      0    62.000   800.000   818.000 450.366
        0         0         0      0   478.680   160.000   600.000 600.000
